tcr,hla_allele,score
"TRBV11-3*01,CASSLGGAEAFF",HLA-A*02:01,0.04220597471576184
"TRBV19*01,CASSIRSSYEQYF",HLA-A*02:01,0.903455451130867
"TRBV29-1*01,CSVGTGGTNEKLFF",HLA-A*02:01,0.9840092837810517
"TRBV19*01,CASSVRSSYEQYF",HLA-A*02:01,0.9067573040723801
"TRBV29-1*01,CSVGSGGTNEKLFF",HLA-A*02:01,0.9801995784044266
"not_found,CSARDGTGNGYTF",HLA-A*02:01,0.7858227506279946
"TRBV4-2*01,CASSQEGGGGYEQYF",HLA-A*02:01,0.6473901972174645
"TRBV5-1*01,CASSLEGQASSYEQYF",HLA-A*02:01,0.6022021412849426
"TRBV11-2*01,CASQDLNTGELFF",HLA-A*02:01,0.9689055114984513
"TRBV19*01,CASSMRSTGELFF",HLA-A*02:01,0.9497037619352341
"TRBV5-1*01,CASSQGGSNEQFF",HLA-A*03:01,0.07858658196637407
"TRBV9*01,CASSVGTGSNTEAFF",HLA-A*03:01,0.5532816410064697
"TRBV6-2*01,CASSRPRNEQFF",HLA-A*03:01,0.49943045591935514
"TRBV19*01,CASSIPRTANYGYTF",HLA-A*03:01,0.10302358062763232
"TRBV28*01,CASSQRTGREQYF",HLA-A*03:01,0.5183884307742119
"TRBV19*01,CASSIKVGTEAFF",HLA-A*03:01,0.23253757008351386
"TRBV5-1*01,CASSWDKSYGYTF",HLA-A*03:01,0.9344666451215744
"not_found,CSAPGQGEGNTIYF",HLA-A*03:01,0.9794508278369903
"TRBV6-5*01,CASTGTGLNEQFF",HLA-A*03:01,0.29503832273185254
"TRBV9*01,CASSVARSTSTDTQYF",HLA-A*03:01,0.602913765469566
"not_found,CSARGLGATNEKLFF",HLA-A*03:01,0.39754614864941684
"TRBV7-2*01,CASSSLAGAPDTQYF",HLA-A*24:02,0.24041798701509834
"TRBV11-2*01,CASSLVQGPPDTQYF",HLA-A*24:02,0.7791680097579956
"TRBV19*01,CASSTPSENTEAFF",HLA-A*24:02,0.6418905028142035
"TRBV5-1*01,CASSAGDYGYTF",HLA-A*01:01,0.057324424319085666
"TRBV7-9*01,CASSDRGPNTEAFF",HLA-A*01:01,0.7748253121972084
"TRBV14*01,CASSQDFGYGYTF",HLA-A*01:01,0.8117915108799935
"TRBV28*01,CASSLQTAYEQYF",HLA-A*01:01,0.6329770915210247
"TRBV27*01,CASSDRGPNNEQFF",HLA-A*01:01,0.7209435716271401
"TRBV27*01,CASSSRSGTDTQYF",HLA-A*01:01,0.27742592096328733
"TRBV27*01,CASSLWGESNQPQHF",HLA-A*01:01,0.9715649217367173
"TRBV27*01,CASTDRGPTDTQYF",HLA-A*01:01,0.7508108951151371
"TRBV5-6*01,CASSLSGPVETQYF",HLA-A*01:01,0.7128626927733421
"TRBV19*01,CASSIGVLEHNEQFF",HLA-A*01:01,0.9882810264825821
"TRBV27*01,CASSFRDGGDEQFF",HLA-A*01:01,0.7051692962646484
"TRBV19*01,CASSINANTEAFF",HLA-A*26:01,0.8186777800321579
"TRBV9*01,CASSVAGTSADTQYF",HLA-A*26:01,0.24376327767968178
"not_found,CSAPEGPGNTIYF",HLA-A*26:01,0.5640963910147547
"TRBV6-4*01,CASSEGLAGAGDTQYF",HLA-A*68:01,0.024808409406159627
"TRBV9*01,CASSVGSGDIQYF",HLA-A*68:01,0.4632221631705761
"TRBV5-1*01,CASSVSGISYNEQFF",HLA-A*30:01,0.45761176720261576
"not_found,CSARELAGGTYEQYF",HLA-A*30:01,0.2502468638587743
"TRBV19*01,CASSTWGQGNQPQHF",HLA-A*30:01,0.7456490054726601
"TRBV3-1*01,CAWSVQGLGEQYF",HLA-A*30:01,0.18505491203104613
"TRBV19*01,CASSIIGGNYGYTF",HLA-A*30:01,0.368404545634985
"TRBV28*01,CASSFRAVETQYF",HLA-A*30:01,0.3148552001453936
"not_found,CSASGGTYNEQFF",HLA-A*29:02,0.36347214262932537
"TRBV12-3*01,CASSFYPAEAFF",HLA-A*29:02,0.46416862271726134
"TRBV4-3*01,CASSQDLGSVYEQYF",HLA-A*29:02,0.3033245664089918
"TRBV27*01,CASSLGYGTEAFF",HLA-A*31:01,0.6898010030388833
"not_found,CSAPTGRGNTEAFF",HLA-A*31:01,0.8067612834274769
"TRBV9*01,CASSVDGSGRGETQYF",HLA-A*66:01,0.2563280988484621
"TRBV9*01,CASSVDGSGRAETQYF",HLA-A*66:01,0.26050811337772756
"TRBV12-3*01,CASSLGQGHEQFF",HLA-B*51:01,0.3637746718712151
"TRBV19*01,CASSIRGQGYGYTF",HLA-B*51:01,0.17497049611993135
"TRBV19*01,CASSIVPLNQPQHF",HLA-B*51:01,0.36084161698818207
"not_found,CASSFEAPNTEAFF",HLA-B*51:01,0.7564293950796127
"TRBV27*01,CASSPTSAGEQYF",HLA-B*18:01,0.8132581785321236
"TRBV27*01,CASSSTAAGEQYF",HLA-B*18:01,0.8775193601846695
"TRBV27*01,CASSPTVAGEQFF",HLA-B*18:01,0.8365352123975753
"TRBV6-6*01,CASSYVGPREQYF",HLA-B*18:01,0.18823715038597583
"TRBV7-3*01,CASSPKVGGEQYF",HLA-B*18:01,0.3083478097338229
"TRBV19*01,CASSARTGELFF",HLA-B*35:01,0.20288153586443514
"TRBV6-5*01,CASSTRDSNQPQHF",HLA-B*35:01,0.5008114736527205
"TRBV19*01,CASSIWTGDQPQHF",HLA-B*35:01,0.8520972698926925
"TRBV19*01,CASGTGDSNQPQHF",HLA-B*35:01,0.969623401761055
"TRBV7-2*01,CASSWGQGDQETQYF",HLA-B*35:01,0.8509909346699714
"TRBV7-9*01,CASSFGQGDGNTIYF",HLA-B*35:01,0.37340105855837463
"TRBV27*01,CASSLGSSAGELFF",HLA-B*35:01,0.9387437254190445
"not_found,CASSFLAANTEAFF",HLA-B*35:01,0.55167480930686
"TRBV9*01,CASSWGQGDGNTIYF",HLA-B*35:01,0.626719468832016
"TRBV2*01,CASSEVGTGDQPQHF",HLA-B*35:01,0.3608363902196288
"TRBV7-9*01,CASSWGQGEADTQYF",HLA-B*35:01,0.9266805872321129
"TRBV29-1*01,CSVEDSTEAFF",HLA-B*35:01,0.38991030380129815
"TRBV9*01,CASSPGRGFQETQYF",HLA-B*35:01,0.7360753864049911
"TRBV7-9*01,CASSWGQGEGDTQYF",HLA-B*35:01,0.9317658454179764
"TRBV6-2*01,CASSYSSGEDQPQHF",HLA-B*35:01,0.9263160318136215
"TRBV7-2*01,CASSFGQGTGNEQFF",HLA-B*35:01,0.23265019999817013
"not_found,CSAQTGLGNEQFF",HLA-B*35:01,0.8603419363498688
"not_found,CAWVLNTEAFF",HLA-B*35:01,0.5448837954550981
"not_found,CSAQTGVGNEQFF",HLA-B*35:01,0.8991295844316483
"TRBV9*01,CASSVAGLNTEAFF",HLA-B*08:01,0.12309867953881622
"TRBV9*01,CASSVETGGTGELFF",HLA-B*08:01,0.6109168842434883
"TRBV6-5*01,CASSYSPQGGYEQYF",HLA-B*08:01,0.6145311646163464
"TRBV9*01,CASSVGQGRSYNSPLHF",HLA-B*08:01,0.9741637289524079
"TRBV7-6*01,CASSLGGGRALDEQFF",HLA-B*08:01,0.9817441046237946
"not_found,CSARDRGTENTGELFF",HLA-B*08:01,0.8604664381593465
"TRBV29-1*01,CSVAGGWGMNTEAFF",HLA-B*08:01,0.9948058754205704
"TRBV19*01,CASSISVYGYTF",HLA-B*07:02,0.7736143082380295
"TRBV28*01,CASRGRPEAFF",HLA-B*07:02,0.7896399825811387
"TRBV18*01,CASSPPTESYGYTF",HLA-B*07:02,0.8945855379104615
"not_found,CSARDRTSGTYEQYF",HLA-B*07:02,0.6941303935833275
"TRBV11-2*03,CASSPLASEQYF",HLA-B*07:02,0.46239895904436706
"not_found,CSARDRTSGIYEQYF",HLA-B*07:02,0.9288527756929398
"TRBV15*02,CATSRTGGETQYF",HLA-B*07:02,0.059701640573439366
"TRBV14*01,CASSQRLAGINEQFF",HLA-B*07:02,0.9686075538396836
"TRBV5-1*01,CASSLVVSPYEQYF",HLA-B*44:03,0.5925601825118065
"TRBV19*01,CASSPTGGIYEQYF",HLA-B*44:03,0.9448761433362961
"TRBV28*01,CASSIFGELFF",HLA-B*44:03,0.10636049478780478
"TRBV19*01,CASTPTGGIYEQYF",HLA-B*44:03,0.9892265915870666
"TRBV19*01,CASSIVTGPYNEQFF",HLA-B*44:03,0.5631268173456192
"TRBV9*01,CASSVTRAGNTIYF",HLA-B*44:03,0.2098387859761715
"TRBV19*01,CASSIQGQGKTQYF",HLA-B*44:03,0.6820753373205661
"TRBV29-1*01,CSVEIWDSSYNEQFF",HLA-B*38:01,0.9793076395988465
"TRBV27*01,CASSLFAGVTDTQYF",HLA-B*38:01,0.4677569147665054
"not_found,CSAEETNTGELFF",HLA-B*38:01,0.5336770466063172
"not_found,CAISESVTSGDNEQFF",HLA-B*38:01,0.9933921664953231
"TRBV19*01,CASSILAGDTYNEQFF",HLA-B*38:01,0.5540455440059304
"TRBV7-9*01,CASSLAWGPNSPLHF",HLA-B*38:01,0.9923007428646088
"TRBV3-1*01,CAWMDSGNTIYF",HLA-B*35:03,0.34073126635776135
"TRBV27*01,CASSSGRLAGDNEQFF",HLA-B*35:03,0.9710888355970383
"TRBV19*01,CASTWGRGGTEAFF",HLA-B*35:03,0.8419083565473556
"TRBV3-1*01,CAWSPPLVGAYEQYF",HLA-B*35:03,0.6249983197427355
"TRBV2*01,CASSVNSGNTIYF",HLA-B*44:02,0.2848989261314273
"TRBV27*01,CASRESNTEAFF",HLA-B*44:02,0.768853472173214
"TRBV6-5*01,CASSYSARANTEAFF",HLA-B*49:01,0.03562594001414254
"not_found,CASSLKLGELFF",HLA-B*49:01,0.5438160775229335
"TRBV2*01,CASTWGQETQYF",HLA-B*35:02,0.5550644271075725
"TRBV29-1*01,CSVEVTGNTIYF",HLA-B*35:02,0.47350052893161776
"TRBV5-5*01,CASSSSPTVNYGYTF",HLA-B*35:02,0.885524395108223
"TRBV27*01,CASSTRDGSSGNTIYF",HLA-B*35:02,0.9723737150430679
"TRBV29-1*01,CSVRLAEQFF",HLA-B*35:02,0.035309167818923015
"TRBV7-2*01,CASSWTGTGGYEQYF",HLA-B*50:01,0.3024379321373999
"TRBV7-2*01,CASSLGGGGFTEAFF",HLA-B*50:01,0.2338657784741372
"not_found,CAISEGRNSNQPQHF",HLA-B*57:01,0.6754463076591491
"TRBV28*01,CASTLGTEETQYF",HLA-B*57:01,0.84642753303051
"TRBV4-1*01,CASSQGDRGYQPQHF",HLA-B*15:01,0.742247149348259
"TRBV4-1*01,CASSQEAGGPGDTQYF",HLA-B*15:01,0.9843257337808609
"not_found,CSARGQGAKYEQYF",HLA-B*15:01,0.8317039757966995
"TRBV28*01,CASSWVGYEQYF",HLA-B*14:02,0.3066121633630246
"TRBV7-2*01,CASSSLAGGPDTGELFF",HLA-B*14:02,0.9833731025457382
"TRBV6-2*01,CASSYGGEQETQYF",HLA-B*14:02,0.4879625719040632
"TRBV2*01,CASSEDRGANEKLFF",HLA-B*14:02,0.5153011724352836
"TRBV3-1*01,CASSQDQGSNQPQHF",HLA-B*39:01,0.09772244084742851
"not_found,CSARGPSGNEQFF",HLA-B*39:01,0.5552097760140896
"not_found,CSARDSGQGNYGYTF",HLA-B*39:01,0.6944826442748309
"not_found,CSATGLAAQETQYF",HLA-B*39:01,0.4303986202925444
"not_found,CSARDSAQGNYGYTF",HLA-B*39:01,0.6686752151697875
"not_found,CSARDLGAYNEQFF",HLA-B*35:08,0.41918846322223546
"TRBV4-1*01,CASSEGPAYNEQFF",HLA-B*35:08,0.619921862334013
"TRBV3-1*01,CAWIRRTEAFF",HLA-B*37:01,0.5262292223982513
"TRBV9*01,CASSVGNGGGQETQYF",HLA-B*40:01,0.9032323360443115
"TRBV27*01,CASRTGASNEQFF",HLA-B*40:01,0.9501063048839569
"TRBV27*01,CASRTGAVDTQYF",HLA-B*40:01,0.8801406264305115
"TRBV7-2*01,CASSLGSGGRNTEAFF",HLA-B*15:17,0.25198120065033436
"TRBV4-1*01,CASSQGGGGPQETQYF",HLA-B*58:01,0.6341692440211772
"TRBV7-2*01,CASSPGNPGTQYF",HLA-B*56:01,0.3231313790893182
"TRBV7-2*01,CASSFGQGEYNEQFF",HLA-C*04:01,0.6098830945789814
"not_found,CAIGTGDSNQPQHF",HLA-C*04:01,0.9053274393081665
"TRBV7-2*01,CASSWGQGEYNEQFF",HLA-C*04:01,0.8142811071127654
"TRBV3-1*01,CASSQDPGPRETQYF",HLA-C*04:01,0.6971861236728728
"TRBV7-2*01,CASSWGQGTGNEQFF",HLA-C*04:01,0.5476820659125223
"TRBV7-2*01,CASSFGQGTGNEQFF",HLA-C*04:01,0.21785632357932627
"TRBV6-5*01,CASSYDSGTGELFF",HLA-C*07:01,0.7018724381923676
"TRBV6-6*01,CASSDGQNTEAFF",HLA-C*06:02,0.6753679528832436
"TRBV24-1*01,CATSDLSINQPQHF",HLA-C*06:02,0.507030212902464
"TRBV15*02,CATSRENSPLHF",HLA-C*12:03,0.9845721900463105
"TRBV6-2*01,CASSYVGDPNEQFF",HLA-C*12:03,0.7985065706074238
"TRBV19*01,CASSIASGDEQYF",HLA-C*12:03,0.6752780616283417
"TRBV29-1*01,CSVEVWESSYNEQFF",HLA-C*12:03,0.9970472037792206
"not_found,CSARRTNTEAFF",HLA-C*07:02,0.3230373043974396
"TRBV7-9*01,CASSPGLEAFF",HLA-C*07:02,0.020015239960048347
"TRBV5-1*01,CASSREGDQPQHF",HLA-C*07:02,0.2610871298238635
"TRBV19*01,CASSISVYGYTF",HLA-C*07:02,0.8243542820215225
"TRBV28*01,CASRGRPEAFF",HLA-C*07:02,0.712293392419815
"not_found,CSARDRTSGIYEQYF",HLA-C*07:02,0.9299626141786576
"TRBV15*02,CATSSIAGETQYF",HLA-C*07:02,0.6547338701784611
"TRBV6-5*01,CASSYGGEGYTF",HLA-C*05:01,0.6617308795452118
"TRBV24-1*01,CATSVGDNEQFF",HLA-C*15:02,0.1792077323887497
"TRBV4-2*01,CASSQKLAGGSDTQYF",HLA-C*08:02,0.33294828566722573
"TRBV7-2*01,CASSLAPVREYEQYF",HLA-C*08:02,0.9809810489416122
"TRBV5-1*01,CASSWTSGTIYEQYF",HLA-C*08:02,0.8392080962657928
"TRBV3-1*01,CASSQGLRGGYGYTF",HLA-C*08:02,0.06377554148930357
"TRBV12-3*01,CASSFFPGELFF",HLA-C*16:01,0.3528668411076069
"TRBV6-5*01,CASSYGDKYEQYF",HLA-C*16:01,0.7579441428184509
"TRBV15*02,CATSREWGGTDTQYF",HLA-C*03:02,0.9833331823348999
